8.744491525775608884e-03
,-3.026825739497083015e-02
,1.259910521209074430e-01
,1.188795898839943924e-02
,1.576703671143703592e-02
,1.250508404301419185e-01
,-1.413592209473682818e-02
,-4.152079193337050028e-02
,1.220554649137140929e-01
,-1.176251979970216292e-02
,-3.670282591857144949e-02
,1.231744500862586439e-01
,5.631181132647132721e-03
,2.557729249129062337e-03
,1.243284735548238207e-01
,1.429538857222782677e-02
,1.948247822893334896e-02
,1.229922233900673928e-01
,-1.331253133387390493e-02
,-4.001885866321441138e-02
,1.229357788174962607e-01
,-4.173136616928433719e-03
,-2.364565904768381119e-02
,1.247762554222526660e-01
,7.090219728191204419e-03
,-5.255156267206831724e-03
,1.249765869491210601e-01
,9.160787556864405379e-03
,2.478890143848305316e-03
,1.245420321811089998e-01
,-3.907288481752792253e-03
,-1.983609579751024338e-02
,1.241316887373918459e-01
,1.407832576970714268e-02
,1.141243890934073857e-02
,1.259182942553784823e-01
,1.144416817396626262e-02
,-2.203866920932107121e-03
,1.252106087872263129e-01
,-1.970561676883140264e-03
,-1.865515549957710503e-02
,1.242377641311254721e-01
,7.642227555033903087e-03
,-2.034880777107258079e-02
,1.259847764430992445e-01
,-1.304593066597319051e-02
,-4.095286980509076080e-02
,1.237772733740276077e-01
,1.087386896190851819e-02
,1.428971383589673454e-02
,1.253000631486253513e-01
,9.043880069312153908e-03
,-2.177131199043235224e-02
,1.254662696197650362e-01
,5.444697296344520182e-03
,-1.574033462131218739e-02
,1.257754972818592998e-01
,8.403437503070342041e-03
,-2.642198091965226522e-02
,1.264499258093541856e-01
,-6.900142213258987460e-03
,-3.690943253401950813e-02
,1.231367903154929194e-01
,-4.282001107025206095e-03
,-2.500325429638362851e-02
,1.271300154231670976e-01
,-2.165951016953317817e-03
,-3.522435202367660279e-02
,1.242294564848016869e-01
,7.521839110138635841e-03
,-1.593527593266975961e-02
,1.257227969247133037e-01
,1.660797860076283425e-02
,2.147065978745894138e-02
,1.237760587020544228e-01
,1.251472233201933806e-02
,1.417663491044359250e-02
,1.250829489525311089e-01
,1.113515142321498674e-02
,7.571971406136416421e-03
,1.248418680104216860e-01
,-2.881620206195300953e-03
,-1.985080974409642041e-02
,1.242068024140663141e-01
,1.283167385493148849e-02
,-1.400661615161073650e-03
,1.248432118534817253e-01
,1.298950096442648243e-02
,1.862898350389364382e-02
,1.234262495341769267e-01
,1.520532089879242550e-02
,1.269756141194293246e-02
,1.249685161259341259e-01
,1.196626522054601224e-02
,1.687927765634399807e-02
,1.249348757533865761e-01
,1.830919457136645457e-03
,-1.429617892710506426e-02
,1.247104585383303627e-01
,-9.429804183341931878e-03
,-3.584185766477002849e-02
,1.235320632998516271e-01
,1.619276928678753391e-02
,2.023544515583829487e-02
,1.235371134811889954e-01
,-5.063426052983666277e-03
,-2.632835312959597163e-02
,1.254514357660279911e-01
,-1.300708639105019847e-02
,-4.059778341229480780e-02
,1.236986465816700131e-01
,5.601992128325273233e-03
,-1.349501535846976685e-02
,1.258939673520368951e-01
,8.248134396457586226e-03
,3.874353041652186126e-03
,1.247015749884962804e-01
,1.486408006920737768e-02
,1.448303907603129721e-02
,1.240802260730493878e-01
,1.486005688523905389e-02
,1.078726640763397540e-02
,1.260628020242228198e-01
,1.413143375537376407e-02
,1.997984491970858714e-02
,1.232354952417591271e-01
,1.198894975986931205e-02
,1.453803757989614864e-02
,1.255212658879599485e-01
,-1.115046261151670000e-02
,-3.817176357865499636e-02
,1.237976006771018683e-01
,9.812694068238571321e-03
,-9.567855876228067644e-03
,1.257953880971179605e-01
,-5.952541098627379262e-03
,-2.538707719475682967e-02
,1.247404596728454856e-01
,-5.162538285647136523e-03
,-3.226774315181317465e-02
,1.247188251908868117e-01
,1.460312491210350762e-02
,1.586484071622095912e-02
,1.239988807591326653e-01
,7.703172543033986151e-03
,-1.456209965657803695e-02
,1.261637955167278502e-01
,1.636184358936310437e-02
,2.169049466479841190e-02
,1.235256928963950479e-01
,9.471862133075823961e-03
,-2.722252314931034034e-03
,1.249400603019955730e-01
,6.147367929615028988e-03
,-3.172412222482586669e-02
,1.245578826535359701e-01
,-1.301188537242321114e-02
,-3.913025494094704571e-02
,1.225680333808243927e-01
,6.724065544036598313e-03
,-1.445695051080130369e-02
,1.258575149753667632e-01
,6.778090140135494641e-04
,-1.406860433751288934e-02
,1.244392548590710773e-01
,1.569424885139816470e-02
,1.915352069538466331e-02
,1.233924536610767481e-01
,3.345497183615799008e-03
,-6.391532950512694711e-03
,1.244720366962323438e-01
,1.259413210420184774e-02
,1.803735913421801451e-02
,1.240449559783171618e-01
,5.794009197766494292e-03
,-2.232493046806155110e-02
,1.258524685802239751e-01
,2.371150165479665381e-03
,-8.416684142164810103e-03
,1.240881491879602117e-01
,1.328887552091942252e-02
,1.413959803213889893e-02
,1.247697595902695633e-01
,9.945188426050442093e-03
,-2.717777047590612654e-03
,1.250538854295916713e-01
,1.515212966113468028e-02
,2.107370751792512001e-02
,1.230858450477916033e-01
,1.174458522556847198e-02
,1.530850705483761606e-02
,1.256841229363942214e-01
,-1.306688914492011404e-02
,-4.060989555979438448e-02
,1.231199786398084195e-01
,3.880514983451916963e-03
,-2.119830594952117758e-02
,1.255642466687833803e-01
,1.144641088509778561e-02
,2.860064446934375195e-03
,1.250030281284899292e-01
,5.515527967974376104e-03
,-3.174784513320127316e-02
,1.244732074093254787e-01
,1.291761303607874382e-02
,-1.916494809774086467e-03
,1.252149421585522782e-01
,-1.414288663689626177e-02
,-4.162988655720179648e-02
,1.237114548339885572e-01
,1.300309280102371866e-02
,1.347475106957025763e-02
,1.257194285146028545e-01
,8.623590999913131883e-03
,-2.243137707121051552e-02
,1.257071725100491755e-01
,1.437639155350581809e-02
,7.458255219543797644e-03
,1.252156197568531915e-01
,3.535249719076027745e-03
,-2.449324033974299014e-02
,1.257352977342346412e-01
,-4.727347417590611195e-03
,-2.828423342773914509e-02
,1.249781192444819194e-01
,4.264882996918080427e-03
,-2.809476472206666811e-02
,1.253883500318347388e-01
,8.083209609055830996e-03
,-1.529668347183426626e-03
,1.249007236269294857e-01
,9.107988281122551474e-03
,-2.060419332535632156e-02
,1.255812509651383357e-01
,4.197588350152327633e-03
,-2.480745910114402764e-02
,1.257393198140216162e-01
,1.304706185148604008e-02
,5.950137394085435599e-03
,1.257754629636039234e-01
,7.152484092549525954e-03
,1.316467370882633183e-03
,1.247548754744918359e-01
,-1.228176854854537078e-02
,-3.815621376717881486e-02
,1.233272811375604600e-01
,1.509056238952246470e-02
,1.251096567784307570e-02
,1.237283646916867985e-01
,6.504409522578871727e-03
,-3.134299670752876271e-02
,1.246540365651315208e-01
,1.517035315055871060e-02
,2.060380247924483224e-02
,1.231952550464028989e-01
,8.261745255629513243e-03
,-2.854962786140330042e-02
,1.247270304423454129e-01
,-2.916526050300955689e-03
,-1.888505610619549760e-02
,1.244712669966216434e-01
,-3.055593483626720380e-03
,-2.497865062673616798e-02
,1.258930800485698887e-01
,1.361209990261670610e-02
,9.715270245285402909e-03
,1.250304226058146229e-01
,5.816452955360481430e-03
,-2.435492256146895400e-03
,1.244493874408416079e-01
,8.855855621215540097e-03
,-1.998915293859471545e-02
,1.258087780517581078e-01
,4.550053024723152428e-03
,-2.754544073513930449e-02
,1.255865162335977891e-01
,-1.379818702330147875e-02
,-4.095125631485154599e-02
,1.235042545442946310e-01
,6.976899076738828781e-03
,-3.107121580307152173e-02
,1.249444248720864570e-01
,8.214091641157106327e-03
,-2.560345106224531583e-02
,1.255793890331392271e-01
,8.530016043253525401e-03
,-9.744276057336692318e-03
,1.253223095560708489e-01
,-1.282568801352590958e-02
,-3.994974124714940900e-02
,1.229448601362746751e-01
,1.189920634526166546e-02
,1.330300770438171305e-02
,1.255136009185024437e-01
,9.669904607751409961e-03
,8.425998633582456113e-03
,1.253187816770773844e-01
,7.452957794867764996e-03
,-2.935854834177828096e-02
,1.254972385418436365e-01